     2010-05-26T06:18:58     -346.15397     -412.68828   1   1
     2010-05-31T15:05:42      450.42025      425.35329   2   1
     2010-06-01T16:15:39     -342.98801     -720.81418   1   1
     2010-06-03T00:00:02      817.13383      248.43064   2   1
     2010-06-10T19:47:53      40.211963      880.29795   2   1
     2010-06-16T13:45:00     -881.24489      337.96375   2   1
     2010-06-22T08:36:44      411.50741      420.68697   2   1
     2010-06-22T20:37:58     -372.52987      740.38248   2   1
     2010-06-22T20:37:58     -372.52987      740.38248   2   1
     2010-06-23T13:48:25      616.76936      424.22646   2   1
     2010-06-27T01:06:44     -840.48613     -428.21667   2   2
     2010-06-27T01:06:44     -840.48613     -428.21667   2   2
     2010-06-29T14:31:39      302.48781      220.50132   2   1
     2010-07-03T03:55:45     -814.27954      449.64695   2   1
     2010-07-03T07:33:04      909.68515      240.83794   2   1
     2010-07-06T00:22:40     -316.50963      594.90827   2   1
     2010-07-06T08:18:59      750.98324      262.10362   2   1
     2010-07-08T05:55:17      943.21543    -0.23224513   2   1
     2010-07-17T18:17:42     -276.43933      380.41756   2   1
     2010-07-19T01:40:23      236.79383      495.25384   2   1
     2010-07-20T07:04:07     -533.21352      358.08987   2   1
     2010-07-21T00:00:29     -752.90429      83.888930   2   1
     2010-07-30T06:52:08     -776.88069      479.16472   2   1
     2010-08-01T00:00:31     -265.81626      172.57304   2   1
     2010-08-01T00:00:31      256.07295      591.69267   2   1
     2010-08-01T10:17:50      173.37630      588.64308   2   1
     2010-08-01T15:39:39      664.48336      278.70764   2   1
     2010-08-23T11:46:40      598.07579     -374.27413   1   1
     2010-08-26T12:00:00      311.78053     -44.574692   2   1
     2010-09-04T12:46:18      925.62065      91.277787   2   2
     2010-09-07T00:00:00      337.03323     -805.75355   2   1
     2010-09-07T12:44:36     -538.72211      67.242730   2   1
     2010-09-10T23:00:00     -476.88498      495.31098   2   1
     2010-09-12T00:00:00     -602.96666     -737.52877   1   1
     2010-09-16T07:52:24      410.32705      814.05975   2   1
     2010-09-18T00:00:30     -91.564486     -641.99447   1   1
     2010-09-22T00:00:01     -37.806227      507.44027   2   1
     2010-09-22T00:00:01     -37.806227      507.44027   2   1
     2010-09-28T00:00:00     -552.26914      433.61906   2   1
     2010-09-28T12:27:56      690.44370      223.41288   2   1
     2010-10-06T00:00:05     -457.62873      697.68548   2   1
     2010-10-10T00:00:12     -690.88544     -462.12061   1   1
     2010-10-21T20:06:23     -54.593996     -90.054050   1   1
     2010-10-21T20:06:23     -54.593996     -90.054050   2   1
     2010-11-01T07:30:12      720.45554      574.91544   2   1
     2010-11-03T00:00:04     -129.62931     -813.37001   1   1
     2010-11-12T23:50:54     -113.38784      499.92379   2   1
     2010-11-18T13:22:54     -491.61980      315.93814   2   1
     2010-11-28T12:40:23     -702.41810      415.92137   2   1
     2010-11-28T23:48:13      75.685424      347.32368   2   1
     2010-12-06T00:00:01     -425.10467      699.28423   2   1
     2010-12-06T13:10:53     -340.43884     -415.82935   1   1
     2010-12-06T21:00:33      130.31718     -87.950652   1   1
     2010-12-11T05:12:20      59.710871      434.73177   2   1
     2010-12-11T05:12:20      59.710871      434.73177   2   1
     2010-12-12T00:00:09     -18.524388      901.36526   2   1
     2010-12-14T12:35:52      752.74129      602.32319   2   1
     2010-12-16T04:43:35      117.08231      588.84278   2   1
     2010-12-21T00:59:58     -523.38407      550.35112   2   1
     2010-12-24T20:05:58      703.81228     -531.17407   1   1
     2010-12-24T20:05:58      703.81228     -531.17407   1   1
     2010-12-24T20:05:58      703.81228     -531.17407   1   1
     2011-01-02T00:00:43      531.71667     -729.28816   1   1
     2011-01-08T00:00:03     -76.472004     -619.22871   1   0
     2011-01-10T00:00:09     -748.46695      601.06000   2   1
     2011-01-14T00:00:12     -114.74307      848.82921   2   1
     2011-01-16T16:06:09     -532.41033      568.17827   2   1
     2011-01-24T22:30:09      707.24441     -617.68601   1   1
     2011-01-26T07:23:51     -68.910604      195.72580   2   1
     2011-01-28T11:42:09     -416.17550     -576.95414   1   1
     2011-01-30T08:18:10      663.05631      426.80848   2   1
     2011-02-02T00:00:04     -260.71113     -138.79729   1   2
     2011-02-03T08:58:52     -233.57675      169.36367   2   1
     2011-02-10T15:15:10     -773.93999     -573.94870   1   1
     2011-02-11T03:40:58      153.01004      903.27815   2   1
     2011-02-12T17:37:22     -402.65888      529.39514   2   1
     2011-02-14T00:00:04     -597.11974     -130.72003   2   2
     2011-02-15T19:51:46     -507.06079      589.95024   2   1
     2011-02-25T03:30:40     -340.18616      896.35943   2   1
     2011-02-27T07:51:40     -933.13999      162.00845   2   1
     2011-03-01T16:37:16      471.91042     -330.15884   1   1
     2011-03-02T00:00:10      770.17977     -569.30506   1   1
     2011-03-07T19:00:01      736.26933      625.82386   1   2
     2011-03-09T20:29:50      170.78513      253.08342   2   1
     2011-03-09T21:13:02     -39.149305      319.56726   2   1
     2011-03-29T18:40:11     -21.142401      960.11572   2   1
     2011-03-31T21:00:29      325.56353     -164.64348   1   1
     2011-04-02T09:00:11      393.64519     -284.13951   1   1
     2011-04-02T19:50:11      855.96764     -366.44630   1   1
     2011-04-08T21:00:30     -383.14111      472.57514   2   1
     2011-04-25T14:30:01     -856.23636      418.96228   2   1
     2011-04-27T00:41:55     -807.09907      506.56941   2   1
     2011-04-27T15:11:55      41.506402      528.44268   2   1
     2011-05-03T07:55:01      854.04815      419.03985   2   1
     2011-05-04T15:09:55     -587.78908      592.47400   2   1
     2011-05-11T01:31:57      859.82088      402.92675   2   1
     2011-05-12T11:14:55     -806.36229      314.98976   2   1
     2011-05-12T11:14:55     -806.36229      314.98976   2   1
     2011-05-13T05:00:01      603.58719     -576.13918   1   1
     2011-05-17T02:19:56      304.27920      392.20992   2   1
     2011-05-21T06:45:02     -815.17985      99.466394   2   1
     2011-05-23T00:00:12     -310.18325      397.04159   2   1
     2011-05-27T00:49:45     -275.76854      821.91685   2   0
     2011-05-28T14:30:02      433.19084     -572.20566   1   1
     2011-06-05T01:55:56     -393.69974      519.28595   2   1
     2011-06-06T01:40:04      551.09801      278.67004   2   1
     2011-06-07T05:35:56      612.73288     -340.01759   1   1
     2011-06-09T11:47:56      136.94632      592.77902   2   1
     2011-06-11T08:29:56     -376.52079      523.57234   2   1
     2011-06-12T10:29:56      939.22923      98.656027   2   1
     2011-06-12T10:29:56      939.22923      98.656027   2   1
     2011-06-16T09:56:56      860.84546     -357.03710   1   1
     2011-06-20T21:00:40      36.168406      360.24677   1   1
     2011-06-23T05:59:56     -678.97765      175.39500   2   1
     2011-07-06T01:39:04      790.50752      510.93340   2   1
     2011-07-07T09:28:04     -731.28037     -368.40190   1   1
     2011-07-08T22:00:04     -444.43259     -474.62384   1   1
     2011-07-14T04:10:09     -199.44287      886.85745   2   1
     2011-07-17T01:30:04      915.32901     -228.81472   1   1
     2011-07-17T04:21:04     -582.63012      558.27537   2   1
     2011-07-22T13:45:06      569.07098      389.61802   2   1
     2011-07-23T20:00:04      554.51181      619.52580   2   1
     2011-07-25T02:40:04      766.98421     -333.78272   1   1
     2011-07-27T00:10:00     -422.20709      328.92993   2   1
     2011-07-27T15:00:00      251.31694      290.05421   2   1
     2011-07-28T00:00:04     -220.62894      456.20017   2   1
     2011-08-04T03:30:00      597.43469      204.78135   2   1
     2011-08-07T00:00:04      53.309945      819.74277   1   2
     2011-08-10T15:16:04     -823.34222      250.28554   2   1
     2011-08-12T01:32:04     -525.06041      755.30783   2   1
     2011-08-31T03:00:04     -103.53552      370.90953   2   2
     2011-08-31T03:20:04      311.97072      740.60755   2   1
     2011-09-08T03:14:04      510.35233      438.00827   2   1
     2011-09-08T15:08:04     -567.31080     -739.05776   1   1
     2011-09-09T14:16:04      219.20173      165.31722   2   2
     2011-09-09T21:00:04      159.38150      519.26717   2   1
     2011-09-30T02:24:04      696.31754     -27.970106   2   0
     2011-10-01T08:44:04      814.55153      438.30289   2   1
     2011-10-03T00:20:04      920.97987      159.14349   2   1
     2011-10-17T08:00:04     -188.88821      256.46787   2   1
     2011-10-18T10:20:04     -24.013580      367.63613   2   1
     2011-10-27T08:00:04     -205.73712      413.43827   2   1
     2011-10-31T13:00:04     -457.39278      488.77014   2   1
     2011-11-02T07:24:04     -265.08698     -456.83152   1   1
     2011-11-05T03:15:04      36.846320      947.16603   2   1
     2011-11-09T12:51:34     -759.91807      573.04750   2   1
     2011-11-14T00:00:04     -608.82619      750.30093   2   1
     2011-11-14T18:10:04      472.25133     -507.05417   1   1
     2011-11-17T11:58:04      455.16472     -613.45002   2   1
     2011-11-17T15:14:04     -753.55644     -567.87699   1   1
     2011-11-22T14:40:04      601.36926      662.82882   2   1
     2011-11-25T21:00:36      580.67016      248.24011   2   1
     2011-11-26T05:30:00      359.15578      145.35066   2   1
     2011-11-30T18:48:04      972.34485  -0.0086763358   2   1
     2011-12-04T00:00:04     -618.74534      595.79473   2   1
     2011-12-04T19:20:04     -930.46022     -284.45806   1   1
     2011-12-08T18:00:04      332.21740      615.23841   2   1
     2011-12-11T05:00:04     -494.60550      521.88534   2   1
     2011-12-11T08:30:00      212.75146      619.83679   2   1
     2011-12-12T23:30:00      689.91537     -483.15697   1   1
     2011-12-17T00:00:04     -173.01092      445.39159   2   1
     2011-12-24T07:20:04     -921.84308     -317.27953   1   2
     2011-12-24T22:15:04      165.70066      603.03257   2   1
     2011-12-25T05:55:04      477.13722     -53.629011   1   1
     2011-12-25T08:32:34      218.42003     -301.23322   1   1
     2011-12-27T02:00:04     -588.62992     -222.65707   1   1
     2011-12-27T05:40:04     -614.03421      554.44838   2   1
     2011-12-27T20:50:04     -731.71962      463.43261   2   1
     2011-12-28T11:00:04      725.55417      611.66983   2   1
     2011-12-31T20:20:24     -701.93032     -584.48843   1   1
     2012-01-05T11:00:04      186.04815      646.56870   2   1
     2012-01-12T19:20:04     -92.456087      864.25483   2   1
     2012-01-13T00:00:04     -780.33590      457.03619   2   1
     2012-01-13T14:10:04     -800.28973     -214.34582   1   1
     2012-01-14T00:00:04      627.84993      400.12570   2   1
     2012-01-17T22:00:04     -290.57769     -194.43621   1   1
     2012-01-19T07:10:04      583.25547      653.94014   2   1
     2012-01-20T19:45:04      867.33500      444.33217   2   2
     2012-01-21T07:00:04      867.40573      444.07750   2   1
     2012-01-22T13:40:12      690.15410      326.10309   2   1
     2012-01-22T21:00:36      716.35811      577.72910   2   1
     2012-01-23T00:00:04      313.05485      744.20162   2   1
     2012-02-05T18:40:04     -65.474912      781.70840   2   1
     2012-02-10T15:24:04     -213.03426      578.25162   2   1
     2012-02-14T13:10:04     -165.05702      568.01791   2   1
     2012-02-23T00:00:04     -418.42009      531.82748   2   1
     2012-02-24T00:00:04     -446.77389      458.52045   2   1
     2012-03-05T09:30:00     -810.91813      460.71203   2   1
     2012-03-08T09:50:24      408.18667      637.09710   2   1
     2012-03-08T09:50:24      408.18667      637.09710   2   1
     2012-03-13T23:00:04     -278.30828      859.76128   2   1
     2012-03-16T17:30:00      726.68301      554.30420   2   1
     2012-03-16T17:30:00      726.68301      554.30420   2   1
     2012-03-25T00:00:04     -914.38559     -291.97587   1   2
     2012-03-26T21:45:04     -798.23924      445.41218   2   1
     2012-03-27T00:50:04      85.864378      449.17528   2   1
     2012-03-27T03:20:04      171.63723      417.59134   2   1
     2012-03-29T14:56:04      37.190393      821.96869   2   1
     2012-03-29T23:04:04      247.50975      881.03154   2   1
     2012-03-30T22:30:04     -559.93862      760.99726   2   1
     2012-04-05T20:40:04      740.86690      607.87379   2   1
     2012-04-07T13:50:04      574.32612      132.17897   2   1
     2012-04-15T07:04:04      660.97951      690.27207   2   1
     2012-04-15T22:20:04     -322.54670     -630.35536   1   1
     2012-04-15T22:20:04     -322.54670     -630.35536   1   1
     2012-04-16T06:52:04      800.38192     -513.85847   1   1
     2012-04-16T21:04:04      686.08102      480.76932   2   1
     2012-04-19T10:40:04     -781.85857     -401.53369   1   1
     2012-04-19T10:40:04     -781.85857     -401.53369   1   1
     2012-04-19T18:10:04      648.05576      700.82144   2   1
     2012-04-28T09:00:04      511.02553     -652.20041   1   1
     2012-05-01T08:50:04      587.04181      732.27451   2   1
     2012-05-02T04:05:04      254.34002      401.48124   2   1
     2012-05-03T11:45:04     -926.30862      215.69816   2   2
     2012-05-05T13:10:04     -796.71611      518.70694   2   2
     2012-05-05T19:55:04      717.35549      618.16620   2   1
     2012-05-06T03:00:04     -631.11316     -487.11022   1   1
     2012-05-06T05:10:04      325.87130      564.32466   2   1
     2012-05-10T00:00:04      215.07473      134.57962   2   1
     2012-05-11T19:04:08     -19.766573     -16.729173   1   1
     2012-05-14T01:32:04      586.55339     -603.33006   1   1
     2012-05-18T04:40:12      89.404701      185.92881   2   1
     2012-05-19T11:50:24      460.15831      227.58628   2   1
     2012-05-20T09:30:00      522.06782      143.48886   2   1
     2012-05-22T01:30:00      393.29398     -251.89722   2   2
     2012-05-24T16:04:04      922.47094      213.29755   1   1
     2012-05-24T22:01:16     -469.52219     -209.33619   1   1
     2012-06-03T16:40:04     -564.37804      519.26622   2   2
     2012-06-05T19:00:04      183.20301      246.53496   2   1
     2012-06-08T13:40:04     -722.12069      161.63292   2   1
     2012-06-09T09:00:04     -927.26997     -180.23420   2   1
     2012-06-13T06:40:04     -136.54771     -457.18887   1   1
     2012-06-22T10:40:04      14.090969      386.44593   2   1
     2012-06-22T19:10:04     -34.812626     -458.80639   1   1
     2012-06-29T00:30:04      789.03354     -326.98986   1   1
     2012-06-30T16:00:04      816.61880      337.64976   2   1
     2012-07-02T04:03:04      854.60408     -135.42193   1   1
     2012-07-02T10:06:04      275.93854     -752.16578   2   2
     2012-07-11T07:30:04     -352.29518      266.28225   2   1
     2012-07-11T07:30:04     -352.29518      266.28225   2   1
     2012-07-17T01:00:12      718.54469      502.06684   2   1
     2012-07-20T00:00:04      359.87928      483.52178   2   1
     2012-07-20T15:30:04     -301.21244     -638.72264   1   1
     2012-07-25T07:20:04     -762.45808      459.64197   2   1
     2012-08-09T19:40:04      691.02470     -600.63531   1   2
     2012-08-15T10:00:04      95.978746      742.43219   2   1
     2012-08-16T17:25:03      713.22815     -531.00031   1   1
     2012-08-17T20:15:03      608.72401      437.56794   2   1
     2012-08-22T09:15:35      609.80475     -357.79039   1   1
     2012-08-23T04:30:35      780.59441     -317.73317   1   1
     2012-08-23T15:00:03      508.32706     -497.72132   1   1
     2012-08-31T17:00:03     -504.36242     -294.95372   1   1
     2012-09-09T17:26:03      203.71090     -900.97878   1   1
     2012-09-16T21:00:03      870.57412      379.02952   2   1
     2012-09-21T11:50:23     -98.656213      215.47188   2   1
     2012-09-26T08:08:03     -64.591666      330.39381   2   1
     2012-09-27T21:28:03      699.20406      39.021687   2   1
     2012-10-02T07:00:03      552.74612      712.69511   2   1
     2012-10-06T12:00:03      381.11224     -826.59909   1   1
     2012-10-15T13:05:03      646.03639      247.30371   2   1
     2012-10-30T04:00:03     -185.44668     -461.67542   1   1
     2012-11-08T14:10:03     -845.11608     -96.746406   1   1
     2012-11-12T03:03:03      211.98485     -442.49320   1   1
     2012-11-16T05:00:03     -556.98412     -515.25137   1   1
     2012-11-20T07:33:03      932.96605     -10.363941   1   1
     2012-11-21T16:40:03      473.75634      190.22610   2   1
     2012-11-23T09:32:03      264.73101     -582.48418   1   1
     2012-11-25T00:20:03     -537.92098     -224.71585   1   1
     2012-11-27T00:00:03     -745.76836      271.63500   2   1
     2012-11-29T09:59:27     -864.00921      110.75865   2   1
     2012-12-05T22:30:03      606.47543     -746.69078   1   1
     2012-12-09T16:14:03      882.47298      411.50723   2   1
     2012-12-10T10:00:03     -767.33871     -599.53870   1   1
     2012-12-11T14:00:03     -426.70751      92.941102   2   1
     2012-12-11T14:00:03     -426.70751      92.941102   1   1
     2012-12-13T22:00:03      831.46061     -360.53738   1   1
     2012-12-14T02:30:03     -577.43094      595.24217   2   1
     2012-12-17T02:10:03      509.80133      700.20944   2   1
     2012-12-20T00:54:03     -393.42098      276.88617   2   1
     2012-12-26T16:50:23     -941.08424     -213.63843   1   1
     2013-01-08T16:36:03      338.08933      730.80675   2   1
     2013-01-15T05:00:03      688.05511     -683.70064   1   1
     2013-01-19T09:45:03     -843.75034     -146.07885   1   1
     2013-01-23T11:00:03     -512.88610      675.75605   2   1
     2013-01-25T14:04:03     -565.72631      693.68215   2   1
     2013-01-31T03:00:05     -680.23071     -512.94031   1   1
     2013-01-31T11:00:05     -569.16122      437.24483   2   1
     2013-02-03T05:00:03      166.36672     -185.03958   1   1
     2013-02-03T08:10:03      831.29837      298.51302   2   1
     2013-02-05T09:04:03     -653.30412     -457.77406   1   1
     2013-02-06T00:00:03     -302.43040      502.10536   1   2
     2013-02-11T18:50:03      830.80985      503.37672   1   2
     2013-02-12T20:20:03      767.48306     -493.71246   1   1
     2013-02-12T20:20:03      767.48306     -493.71246   1   1
     2013-02-22T04:00:03     -715.35541      442.98566   2   1
     2013-03-02T12:00:03     -899.40632      252.21213   2   1
     2013-03-04T21:27:03     -714.50891     -491.17582   1   1
     2013-03-05T19:54:03     -455.67121      852.51482   2   1
     2013-03-12T10:07:33     -8.1081020      698.83057   2   1
     2013-03-16T03:32:03      683.15286     -370.21072   1   2
     2013-03-16T11:58:03      814.47321      515.49001   2   1
     2013-03-17T14:08:03     -573.90090     -123.35805   1   1
     2013-03-19T13:20:23      561.45106      370.58570   2   1
     2013-03-19T23:30:35     -446.38919     -423.95223   1   1
     2013-03-21T02:40:11      802.67480     -207.24232   1   0
     2013-03-24T16:08:03     -373.59449     -61.658648   1   1
     2013-03-26T06:00:03      27.700700     -87.249185   1   1
     2013-03-31T21:05:03     -189.38124      841.73009   2   1
     2013-04-08T12:50:03     -380.20683      321.54334   2   1
     2013-04-10T14:50:03      457.44234      53.996806   2   1
     2013-04-12T00:00:03      776.83681      172.24940   1   2
     2013-04-26T10:25:03      250.62368     -570.89995   1   2
     2013-04-29T01:52:03     -815.89853     -486.76103   2   2
     2013-04-29T19:04:03      717.50838     -119.90052   1   1
     2013-05-04T02:00:35     -121.18742      323.84433   2   1
     2013-05-06T07:30:35     -705.05534     -159.29438   2   2
     2013-05-11T20:00:03      542.34222      779.13790   2   1
     2013-05-14T04:40:03     -941.78187     -115.42492   1   1
     2013-05-15T06:10:03      652.34411     -344.47193   1   1
     2013-05-21T05:50:03      277.07105      542.95802   2   1
     2013-05-21T09:40:03      725.20137      372.35834   2   1
     2013-05-22T08:00:35     -646.09961     -692.29761   1   1
     2013-05-24T03:30:35     -162.02809     -252.92654   1   1
     2013-05-25T12:50:23     -365.35211      406.19327   1   1
     2013-05-29T16:38:03      913.78072      245.06939   2   1
     2013-05-31T11:32:03      92.473396      667.67653   2   1
     2013-06-02T15:00:03      368.89677      155.58242   2   1
     2013-06-11T20:14:03      532.32400     -25.343301   1   1
     2013-06-12T14:26:03      172.79160      625.18616   2   1
     2013-06-13T20:20:03     -347.56045      232.29387   2   1
     2013-06-22T08:00:03     -526.71429      654.71890   2   1
     2013-06-30T00:00:03      70.583422     -630.21821   1   1
     2013-06-30T18:00:03     -854.63243     -399.21663   1   1
     2013-07-02T00:00:35     -47.676049      229.57946   2   1
     2013-07-03T05:33:03      720.59305      326.55971   2   1
     2013-07-13T05:40:03     -906.46352     -261.28811   2   2
     2013-07-18T16:30:03     -929.22894     -164.40691   1   1
     2013-07-26T21:20:23      492.82728     -92.500344   2   1
     2013-08-02T12:18:03      381.78309     -449.18317   1   1
     2013-08-04T06:15:35     -708.68986      331.24769   2   1
     2013-08-04T14:30:35      730.21615     -361.31192   1   1
     2013-08-06T01:16:03     -649.48782      370.27928   2   1
     2013-08-07T11:28:03      283.56155     -514.65112   1   1
     2013-08-10T06:48:03      688.97292     -441.72472   1   2
     2013-08-12T19:40:11     -284.42933     -704.32146   1   1
     2013-08-14T18:30:35      673.13794     -525.55101   1   1
     2013-08-16T18:00:03     -666.47737      462.52559   2   1
     2013-08-17T10:00:03     -858.31522      394.20481   2   1
     2013-08-17T16:00:03      691.13441     -559.62518   1   1
     2013-08-18T13:40:03      850.54799     -417.29724   2   2
     2013-08-20T03:44:03      346.78855     -648.69031   1   1
     2013-08-21T00:16:03      896.23955      303.63081   2   1
     2013-08-29T00:00:03      285.02992     -763.15261   1   1
     2013-08-31T17:20:03     -819.71514     -480.33028   1   1
     2013-09-01T19:45:03     -388.88058     -782.83643   1   1
     2013-09-10T10:44:03     -605.52941     -735.06878   1   1
     2013-09-11T02:30:35     -668.07464      412.24279   2   1
     2013-09-19T02:10:03     -576.77714     -225.80180   2   1
     2013-09-20T03:05:23      123.83286     -522.46619   1   1
     2013-09-20T18:40:11     -808.53124      433.64898   2   1
     2013-09-21T01:00:03     -834.39793      453.79321   2   1
     2013-09-21T07:15:35     -652.23961      347.51149   2   1
     2013-09-23T07:00:03      743.97571     -456.24040   1   1
     2013-09-24T03:04:03     -579.53289     -760.22290   1   1
     2013-09-24T18:36:03     -817.40746      481.12094   2   1
     2013-09-29T20:30:03      506.07016      367.66290   2   1
     2013-10-02T23:10:03     -717.63621     -299.56253   1   1
     2013-10-18T00:00:03     -421.78978      639.70377   2   1
     2013-10-19T11:38:03     -103.38755      864.79037   2   0
     2013-10-25T01:32:03     -694.41552      343.80034   2   1
     2013-10-26T09:16:03      446.36148     -792.32268   2   1
     2013-10-28T10:28:03      404.49590     -786.46392   2   1
     2013-10-28T13:14:03     -712.24035      64.525491   2   2
     2013-10-30T15:00:03      280.65326     -336.49181   2   2
     2013-11-02T19:10:11      35.094394     -531.21479   1   1
     2013-11-04T18:20:23      477.38602     -810.83642   1   1
     2013-11-17T01:00:03      540.92561     -609.93045   1   1
     2013-11-23T23:25:11     -103.53007      534.62367   2   1
     2013-12-04T20:00:03      9.2440739      526.41248   2   1
     2013-12-05T20:00:03      460.79050     -207.03430   2   1
     2013-12-09T10:32:03     -787.61460     -572.30204   1   1
     2013-12-11T05:30:03     -460.30140     -815.83826   1   1
     2013-12-13T06:20:03      486.27062      327.73110   2   1
     2013-12-20T06:30:35      722.10692      456.72114   2   1
     2014-01-01T18:00:03     -426.26867     -635.10980   1   1
     2014-01-01T18:20:23      767.04508     -306.62445   1   1
     2014-01-02T03:32:03      386.30653     -671.89576   1   1
     2014-01-03T15:24:03     -386.13046     -631.27781   1   1
     2014-01-05T02:20:03     -974.97841     -17.498289   2   1
     2014-01-13T04:30:03     -299.64372      615.90170   2   1
     2014-01-29T00:00:03      740.09050     -460.67692   2   2
     2014-01-29T00:00:03      732.20740     -475.53364   1   1
     2014-01-30T13:14:03     -749.74525     -260.72961   1   1
     2014-02-09T21:00:35     -196.17059      656.85749   2   1
     2014-02-11T00:28:35      434.67258      218.05342   1   1
     2014-02-11T06:50:26      306.24171      385.31467   2   1
     2014-02-15T20:50:23      965.19111      103.74520   2   2
     2014-02-17T02:30:35      46.287636     -103.61406   1   2
     2014-02-18T00:00:03     -536.74021     -528.58566   1   1
     2014-02-18T21:30:03     -747.72783      504.00507   2   1
     2014-02-19T14:00:03      386.30596     -344.18110   1   1
     2014-02-19T20:00:03     -3.4949362      723.16296   2   1
     2014-03-04T20:35:23     -763.97003      207.21946   1   1
     2014-03-06T09:10:03     -624.86332     -262.08961   1   1
     2014-03-10T15:36:03     -636.96872     -246.82259   1   1
     2014-03-10T15:36:03     -636.96872     -246.82259   1   1
     2014-03-16T01:48:03     -611.36973     -609.68725   1   1
     2014-03-17T11:40:11      231.70294     -501.01615   1   1
     2014-03-20T05:30:03      204.57287      406.56047   2   2
     2014-03-21T03:00:03     -105.76102     -541.11572   1   1
     2014-03-27T12:30:35      797.22848     -362.21029   1   2
     2014-03-28T01:20:23      935.48169     -148.51568   1   1
     2014-03-28T17:20:23     -253.68130      414.37415   2   1
     2014-03-29T01:20:03     -625.06820      502.85170   2   1
     2014-03-30T10:24:03     -838.27637      468.15574   2   1
     2014-04-01T11:42:03     -255.95699      4.9461800   2   1
     2014-04-02T12:38:03     -879.06018      361.47840   2   2
     2014-04-03T18:00:03      296.13576     -890.83341   1   1
     2014-04-04T13:30:03     -531.78712      451.84975   2   1
     2014-04-05T19:40:03      403.12199      430.40236   2   1
     2014-04-09T23:30:03      596.71490      161.50286   2   2
     2014-04-15T17:20:03     -624.13981     -197.21527   1   1
     2014-04-15T17:20:03     -624.13981     -197.21527   1   2
     2014-04-18T04:04:03      614.43023     -486.08371   1   1
     2014-04-18T04:04:03      614.43023     -486.08371   1   1
     2014-04-18T07:04:03     -223.97180     -402.64444   1   1
     2014-04-21T00:15:35      808.73731     -500.41840   1   2
     2014-04-22T08:00:03     -657.19330      452.08778   2   1
     2014-04-22T22:24:03      93.224659      198.19194   2   1
     2014-04-28T01:04:03     -68.514664      568.26911   2   1
     2014-04-29T04:36:03     -335.48948     -798.03117   1   1
     2014-04-30T07:12:03     -576.11980      644.84445   2   1
     2014-04-30T23:00:03     -409.61634     -186.14415   1   2
     2014-05-01T07:30:03     -26.614767      329.44834   2   1
     2014-05-03T07:30:03     -853.03299      223.60075   1   2
     2014-05-10T22:50:03     -795.52286      518.54761   2   1
     2014-05-16T04:02:03      774.14911     -141.42063   1   1
     2014-05-19T05:40:11      163.56207      492.45007   2   1
     2014-05-20T03:50:23      689.31226     -25.781831   2   1
     2014-05-21T11:30:35     -351.33389     -281.40665   1   1
     2014-05-26T09:35:03     -736.59689      523.26466   2   1
     2014-06-04T10:16:03     -606.82360     -541.08995   1   1
     2014-06-13T00:00:03     -800.82872     -500.37582   2   2
     2014-06-13T17:32:03     -77.266003     -644.14202   1   1
     2014-06-15T00:28:03     -289.48851     -458.46846   1   1
     2014-06-15T00:28:03     -289.48851     -458.46846   1   1
     2014-06-15T00:28:03     -289.48851     -458.46846   1   1
     2014-06-15T00:28:03     -289.48851     -458.46846   1   1
     2014-06-15T23:24:03     -153.82101     -460.77605   1   1
     2014-06-16T08:12:03      743.93687      581.18432   2   1
     2014-06-19T13:20:03     -474.75199     -104.35055   1   1
     2014-06-21T03:00:03      54.365244      637.12985   2   1
     2014-07-02T16:45:35      798.51737      122.10431   2   1
     2014-07-05T21:50:23      118.85884     -186.45734   2   1
     2014-07-08T16:00:03     -813.50209      151.45313   2   2
     2014-07-09T17:06:03     -672.70675     -331.01151   1   1
     2014-07-18T00:00:03     -103.61769      268.23355   2   1
     2014-07-18T06:20:03     -381.80085     -372.55403   2   2
     2014-07-28T02:50:35     -699.39383      187.83665   2   1
     2014-07-29T09:40:35      158.73799      205.59983   2   1
     2014-07-30T02:50:03     -376.79006      178.83130   2   1
     2014-07-30T16:40:03     -815.90702     -475.96684   1   1
     2014-08-03T16:56:03     -506.78169      65.818635   2   1
     2014-08-15T15:20:23      266.52631      175.34501   1   1
     2014-09-02T11:10:03      38.352029      647.99211   2   1
     2014-09-12T23:15:35     -788.20194     -305.53489   1   1
     2014-09-19T08:10:11     -468.56389      246.14095   1   1
     2014-09-19T17:30:35     -921.25127     -250.27790   1   1
     2014-09-20T04:25:11      24.419003      213.96643   2   1
     2014-09-20T23:20:23     -323.42862      318.50004   2   1
     2014-09-21T11:00:03      620.87069      178.26890   2   2
     2014-09-25T19:04:03     -6.1211953     -479.23844   2   1
     2014-10-05T14:20:23      111.81712      942.48486   2   1
     2014-10-06T15:40:11     -915.48876     -221.84598   1   1
     2014-10-10T15:40:07      655.15387     -364.95197   1   2
     2014-10-14T17:20:03      809.75135     -475.98378   2   2
     2014-10-18T06:12:03      214.18533      416.62449   2   1
     2014-11-08T14:56:03     -896.53242     -364.58409   1   1
     2014-11-09T06:12:03      358.42443      280.10537   2   1
     2014-11-18T00:44:03     -784.55162      568.67187   2   1
     2014-11-27T15:28:03      971.16344     -33.720147   2   1
     2014-11-27T15:28:03      971.16344     -33.720147   1   1
     2014-11-28T03:44:03     -660.79700     -331.61752   1   1
     2014-12-11T23:20:03     -173.08545      310.05396   2   1
     2014-12-12T02:50:03      440.24279     -162.25675   1   1
     2014-12-18T07:40:03     -835.35630     -501.83698   1   1
     2014-12-20T00:10:03      516.33890     -455.99296   1   1
     2014-12-24T02:21:35      928.23875     -246.63039   1   1
     2014-12-28T00:45:35     -2.4821894     -358.96854   1   1
     2014-12-28T10:45:35      130.60023     -342.62897   1   2
     2014-12-29T08:30:35      319.18256     -390.72051   1   2
     2014-12-29T15:20:23     -363.68314      594.12380   1   1
     2014-12-31T21:00:35      173.45242      488.04941   2   1
     2015-01-12T13:52:03     -476.24630     -73.158556   1   1
     2015-01-15T01:00:03     -215.06700      276.39448   2   1
     2015-01-15T12:52:03      44.104022      721.65742   2   1
     2015-01-21T02:45:35     -238.16746      531.17192   2   1
     2015-02-04T18:00:03     -761.59337      66.388448   2   1
     2015-02-12T00:00:03     -215.07672     -595.20480   1   1
     2015-02-21T17:40:11     -301.24770      481.08976   2   1
     2015-02-27T22:40:11      875.54353      413.42459   2   1
     2015-02-28T02:10:11     -929.45771      270.97826   2   0
     2015-02-28T13:30:35      309.80183      360.78352   2   1
     2015-03-15T00:30:35      735.06142     -362.61118   1   1
     2015-03-16T10:10:11      637.15769     -180.27326   1   2
     2015-03-16T14:10:07      436.54399     -653.41552   1   1
     2015-04-02T12:00:03      617.09610     -430.59071   2   1
     2015-04-04T21:25:03      87.981998     -371.35233   1   1
     2015-04-06T18:15:35     -403.78765     -222.90057   1   1
     2015-04-12T21:00:35      819.87192     -169.23038   1   1
     2015-04-12T22:15:35      944.40283     -69.648835   1   2
     2015-04-16T04:36:03      534.01077     -786.38564   1   1
     2015-04-17T00:00:03     -812.74966     -425.06190   1   1
     2015-04-18T00:00:03      746.09034      484.56037   2   1
     2015-04-25T02:00:03     -514.59895      461.02302   2   1
     2015-04-26T18:16:03      783.06571     -290.18908   1   1
     2015-04-26T18:16:03      783.06571     -290.18908   1   2
     2015-04-27T22:00:03     -475.98788      488.22583   2   1
     2015-04-27T22:00:03     -480.16518      473.84704   2   1
     2015-04-27T22:00:03     -484.19603      459.32242   2   1
     2015-04-27T22:00:03     -488.07916      444.65643   2   2
     2015-04-27T22:00:03     -491.81338      429.85356   2   1
     2015-05-02T14:30:35    -0.37567537     -587.22732   2   1
     2015-05-04T00:00:03     -602.49979     -247.90383   1   2
     2015-05-05T20:25:03      98.713345     -578.42834   1   1
     2015-05-06T23:12:03     -21.930423     -204.99018   1   1
     2015-05-11T03:30:03     -804.24227      301.16496   2   1
     2015-05-13T17:40:03      250.45287      353.11404   2   1
     2015-05-15T18:10:03     -708.73919      546.51515   2   1
     2015-05-16T09:00:03     -102.93527      712.87744   2   1
     2015-06-05T00:50:23      572.73055      280.24634   2   1
     2015-06-14T04:48:03     -619.13821      640.19882   2   1
     2015-06-22T16:00:03      474.06923      376.67200   2   1
     2015-07-02T20:20:06      663.17243     -441.92436   1   1
     2015-07-04T10:00:06     -363.70245      636.63852   2   1
     2015-07-07T16:20:06     -280.01687     -420.19822   1   1
     2015-07-08T07:04:06      354.10713      126.37630   2   1
     2015-07-13T08:24:06     -880.65648     -169.52965   2   2
     2015-07-18T22:15:34      588.42402      252.50579   2   1
     2015-07-19T04:00:06      634.19398     -539.45198   1   1
     2015-08-05T06:00:06      458.69594      322.16535   2   0
     2015-08-07T17:36:06     -835.43853     -341.27967   1   1
     2015-08-07T17:36:06     -835.43853     -341.27967   1   1
     2015-08-08T03:40:06     -768.36221      490.87658   2   1
     2015-08-12T11:10:06      679.32436     -387.60514   1   1
     2015-08-14T07:00:06      702.74918     -105.97263   2   1
     2015-08-14T16:40:10      293.25268     -774.40553   1   1
     2015-08-23T03:40:06     -707.95129     -76.951191   1   2
     2015-08-26T18:50:22      303.89408      54.939488   1   2
     2015-09-20T05:12:06     -237.66255     -230.14895   2   1
     2015-09-23T16:45:34     -868.07405     -388.54135   1   1
     2015-09-25T14:00:06     -375.80212     -425.20543   1   1
     2015-09-27T14:15:34     -677.50536      304.27600   2   1
     2015-09-27T14:15:34     -677.50536      304.27600   2   2
     2015-09-28T05:40:10     -803.49812     -415.30406   1   1
     2015-10-07T04:00:06      929.82604     -235.68604   1   1
     2015-10-14T05:50:06      566.16274     -618.90968   1   1
     2015-10-14T18:40:06      634.94093     -621.35658   1   1
     2015-10-20T16:00:06     -200.90374      228.46263   2   1
     2015-10-26T09:48:06      505.79052     -410.42197   1   2
     2015-10-29T06:56:06     -490.58508     -467.57439   1   1
     2015-10-29T12:24:06      159.60712     -388.15536   1   1
     2015-11-15T21:00:34      259.91528     -263.42423   1   1
     2015-11-15T21:00:34      259.91528     -263.42423   1   1
     2015-11-18T17:56:06      859.65268      82.506172   2   1
     2015-11-26T19:50:06     -842.11472      174.12894   2   1
     2015-12-09T19:48:06     -353.20154     -150.15038   1   1
     2015-12-11T16:40:10     -265.63635     -78.395546   1   2
     2015-12-15T20:00:06     -220.00308     -188.03909   1   1
     2015-12-19T03:30:34     -751.62890     -463.63192   1   1
     2015-12-20T14:48:06      969.41340     -101.72993   1   2
