     2010-05-26T06:18:58      -346      -413   1   1
     2010-05-31T15:05:42       450       425   2   1
     2010-06-01T16:15:39      -343      -721   1   1
     2010-06-03T00:00:02       817       248   2   1
     2010-06-10T19:47:53        40       880   2   1
     2010-06-16T13:45:00      -881       338   2   1
     2010-06-22T08:36:44       412       421   2   1
     2010-06-22T20:37:58      -373       740   2   1
     2010-06-22T20:37:58      -373       740   2   1
     2010-06-23T13:48:25       617       424   2   1
     2010-06-27T01:06:44      -840      -428   2   2
     2010-06-27T01:06:44      -840      -428   2   2
     2010-06-29T14:31:39       302       221   2   1
     2010-07-03T03:55:45      -814       450   2   1
     2010-07-03T07:33:04       910       241   2   1
     2010-07-06T00:22:40      -317       595   2   1
     2010-07-06T08:18:59       751       262   2   1
     2010-07-08T05:55:17       943         0   2   1
     2010-07-17T18:17:42      -276       380   2   1
     2010-07-19T01:40:23       237       495   2   1
     2010-07-20T07:04:07      -533       358   2   1
     2010-07-21T00:00:29      -753        84   2   1
     2010-07-30T06:52:08      -777       479   2   1
     2010-08-01T00:00:31      -266       173   2   1
     2010-08-01T00:00:31       256       592   2   1
     2010-08-01T10:17:50       173       589   2   1
     2010-08-01T15:39:39       664       279   2   1
     2010-08-23T11:46:40       598      -374   1   1
     2010-08-26T12:00:00       312       -45   2   1
     2010-09-04T12:46:18       926        91   2   2
     2010-09-07T00:00:00       337      -806   2   1
     2010-09-07T12:44:36      -539        67   2   1
     2010-09-10T23:00:00      -477       495   2   1
     2010-09-12T00:00:00      -603      -738   1   1
     2010-09-16T07:52:24       410       814   2   1
     2010-09-18T00:00:30       -92      -642   1   1
     2010-09-22T00:00:01       -38       507   2   1
     2010-09-22T00:00:01       -38       507   2   1
     2010-09-28T00:00:00      -552       434   2   1
     2010-09-28T12:27:56       690       223   2   1
     2010-10-06T00:00:05      -458       698   2   1
     2010-10-10T00:00:12      -691      -462   1   1
     2010-10-21T20:06:23       -55       -90   1   1
     2010-10-21T20:06:23       -55       -90   2   1
     2010-11-01T07:30:12       720       575   2   1
     2010-11-03T00:00:04      -130      -813   1   1
     2010-11-12T23:50:54      -113       500   2   1
     2010-11-18T13:22:54      -492       316   2   1
     2010-11-28T12:40:23      -702       416   2   1
     2010-11-28T23:48:13        76       347   2   1
     2010-12-06T00:00:01      -425       699   2   1
     2010-12-06T13:10:53      -340      -416   1   1
     2010-12-06T21:00:33       130       -88   1   1
     2010-12-11T05:12:20        60       435   2   1
     2010-12-11T05:12:20        60       435   2   1
     2010-12-12T00:00:09       -19       901   2   1
     2010-12-14T12:35:52       753       602   2   1
     2010-12-16T04:43:35       117       589   2   1
     2010-12-21T00:59:58      -523       550   2   1
     2010-12-24T20:05:58       704      -531   1   1
     2010-12-24T20:05:58       704      -531   1   1
     2010-12-24T20:05:58       704      -531   1   1
     2011-01-02T00:00:43       532      -729   1   1
     2011-01-08T00:00:03       -76      -619   1   0
     2011-01-10T00:00:09      -748       601   2   1
     2011-01-14T00:00:12      -115       849   2   1
     2011-01-16T16:06:09      -532       568   2   1
     2011-01-24T22:30:09       707      -618   1   1
     2011-01-26T07:23:51       -69       196   2   1
     2011-01-28T11:42:09      -416      -577   1   1
     2011-01-30T08:18:10       663       427   2   1
     2011-02-02T00:00:04      -261      -139   1   2
     2011-02-03T08:58:52      -234       169   2   1
     2011-02-10T15:15:10      -774      -574   1   1
     2011-02-11T03:40:58       153       903   2   1
     2011-02-12T17:37:22      -403       529   2   1
     2011-02-14T00:00:04      -597      -131   2   2
     2011-02-15T19:51:46      -507       590   2   1
     2011-02-25T03:30:40      -340       896   2   1
     2011-02-27T07:51:40      -933       162   2   1
     2011-03-01T16:37:16       472      -330   1   1
     2011-03-02T00:00:10       770      -569   1   1
     2011-03-07T19:00:01       736       626   1   2
     2011-03-09T20:29:50       171       253   2   1
     2011-03-09T21:13:02       -39       320   2   1
     2011-03-29T18:40:11       -21       960   2   1
     2011-03-31T21:00:29       326      -165   1   1
     2011-04-02T09:00:11       394      -284   1   1
     2011-04-02T19:50:11       856      -366   1   1
     2011-04-08T21:00:30      -383       473   2   1
     2011-04-25T14:30:01      -856       419   2   1
     2011-04-27T00:41:55      -807       507   2   1
     2011-04-27T15:11:55        42       528   2   1
     2011-05-03T07:55:01       854       419   2   1
     2011-05-04T15:09:55      -588       592   2   1
     2011-05-11T01:31:57       860       403   2   1
     2011-05-12T11:14:55      -806       315   2   1
     2011-05-12T11:14:55      -806       315   2   1
     2011-05-13T05:00:01       604      -576   1   1
     2011-05-17T02:19:56       304       392   2   1
     2011-05-21T06:45:02      -815        99   2   1
     2011-05-23T00:00:12      -310       397   2   1
     2011-05-27T00:49:45      -276       822   2   0
     2011-05-28T14:30:02       433      -572   1   1
     2011-06-05T01:55:56      -394       519   2   1
     2011-06-06T01:40:04       551       279   2   1
     2011-06-07T05:35:56       613      -340   1   1
     2011-06-09T11:47:56       137       593   2   1
     2011-06-11T08:29:56      -377       524   2   1
     2011-06-12T10:29:56       939        99   2   1
     2011-06-12T10:29:56       939        99   2   1
     2011-06-16T09:56:56       861      -357   1   1
     2011-06-20T21:00:40        36       360   1   1
     2011-06-23T05:59:56      -679       175   2   1
     2011-07-06T01:39:04       791       511   2   1
     2011-07-07T09:28:04      -731      -368   1   1
     2011-07-08T22:00:04      -444      -475   1   1
     2011-07-14T04:10:09      -199       887   2   1
     2011-07-17T01:30:04       915      -229   1   1
     2011-07-17T04:21:04      -583       558   2   1
     2011-07-22T13:45:06       569       390   2   1
     2011-07-23T20:00:04       555       620   2   1
     2011-07-25T02:40:04       767      -334   1   1
     2011-07-27T00:10:00      -422       329   2   1
     2011-07-27T15:00:00       251       290   2   1
     2011-07-28T00:00:04      -221       456   2   1
     2011-08-04T03:30:00       597       205   2   1
     2011-08-07T00:00:04        53       820   1   2
     2011-08-10T15:16:04      -823       250   2   1
     2011-08-12T01:32:04      -525       755   2   1
     2011-08-31T03:00:04      -104       371   2   2
     2011-08-31T03:20:04       312       741   2   1
     2011-09-08T03:14:04       510       438   2   1
     2011-09-08T15:08:04      -567      -739   1   1
     2011-09-09T14:16:04       219       165   2   2
     2011-09-09T21:00:04       159       519   2   1
     2011-09-30T02:24:04       696       -28   2   0
     2011-10-01T08:44:04       815       438   2   1
     2011-10-03T00:20:04       921       159   2   1
     2011-10-17T08:00:04      -189       256   2   1
     2011-10-18T10:20:04       -24       368   2   1
     2011-10-27T08:00:04      -206       413   2   1
     2011-10-31T13:00:04      -457       489   2   1
     2011-11-02T07:24:04      -265      -457   1   1
     2011-11-05T03:15:04        37       947   2   1
     2011-11-09T12:51:34      -760       573   2   1
     2011-11-14T00:00:04      -609       750   2   1
     2011-11-14T18:10:04       472      -507   1   1
     2011-11-17T11:58:04       455      -613   2   1
     2011-11-17T15:14:04      -754      -568   1   1
     2011-11-22T14:40:04       601       663   2   1
     2011-11-25T21:00:36       581       248   2   1
     2011-11-26T05:30:00       359       145   2   1
     2011-11-30T18:48:04       972         0   2   1
     2011-12-04T00:00:04      -619       596   2   1
     2011-12-04T19:20:04      -930      -284   1   1
     2011-12-08T18:00:04       332       615   2   1
     2011-12-11T05:00:04      -495       522   2   1
     2011-12-11T08:30:00       213       620   2   1
     2011-12-12T23:30:00       690      -483   1   1
     2011-12-17T00:00:04      -173       445   2   1
     2011-12-24T07:20:04      -922      -317   1   2
     2011-12-24T22:15:04       166       603   2   1
     2011-12-25T05:55:04       477       -54   1   1
     2011-12-25T08:32:34       218      -301   1   1
     2011-12-27T02:00:04      -589      -223   1   1
     2011-12-27T05:40:04      -614       554   2   1
     2011-12-27T20:50:04      -732       463   2   1
     2011-12-28T11:00:04       726       612   2   1
     2011-12-31T20:20:24      -702      -584   1   1
     2012-01-05T11:00:04       186       647   2   1
     2012-01-12T19:20:04       -92       864   2   1
     2012-01-13T00:00:04      -780       457   2   1
     2012-01-13T14:10:04      -800      -214   1   1
     2012-01-14T00:00:04       628       400   2   1
     2012-01-17T22:00:04      -291      -194   1   1
     2012-01-19T07:10:04       583       654   2   1
     2012-01-20T19:45:04       867       444   2   2
     2012-01-21T07:00:04       867       444   2   1
     2012-01-22T13:40:12       690       326   2   1
     2012-01-22T21:00:36       716       578   2   1
     2012-01-23T00:00:04       313       744   2   1
     2012-02-05T18:40:04       -65       782   2   1
     2012-02-10T15:24:04      -213       578   2   1
     2012-02-14T13:10:04      -165       568   2   1
     2012-02-23T00:00:04      -418       532   2   1
     2012-02-24T00:00:04      -447       459   2   1
     2012-03-05T09:30:00      -811       461   2   1
     2012-03-08T09:50:24       408       637   2   1
     2012-03-08T09:50:24       408       637   2   1
     2012-03-13T23:00:04      -278       860   2   1
     2012-03-16T17:30:00       727       554   2   1
     2012-03-16T17:30:00       727       554   2   1
     2012-03-25T00:00:04      -914      -292   1   2
     2012-03-26T21:45:04      -798       445   2   1
     2012-03-27T00:50:04        86       449   2   1
     2012-03-27T03:20:04       172       418   2   1
     2012-03-29T14:56:04        37       822   2   1
     2012-03-29T23:04:04       248       881   2   1
     2012-03-30T22:30:04      -560       761   2   1
     2012-04-05T20:40:04       741       608   2   1
     2012-04-07T13:50:04       574       132   2   1
     2012-04-15T07:04:04       661       690   2   1
     2012-04-15T22:20:04      -323      -630   1   1
     2012-04-15T22:20:04      -323      -630   1   1
     2012-04-16T06:52:04       800      -514   1   1
     2012-04-16T21:04:04       686       481   2   1
     2012-04-19T10:40:04      -782      -402   1   1
     2012-04-19T10:40:04      -782      -402   1   1
     2012-04-19T18:10:04       648       701   2   1
     2012-04-28T09:00:04       511      -652   1   1
     2012-05-01T08:50:04       587       732   2   1
     2012-05-02T04:05:04       254       401   2   1
     2012-05-03T11:45:04      -926       216   2   2
     2012-05-05T13:10:04      -797       519   2   2
     2012-05-05T19:55:04       717       618   2   1
     2012-05-06T03:00:04      -631      -487   1   1
     2012-05-06T05:10:04       326       564   2   1
     2012-05-10T00:00:04       215       135   2   1
     2012-05-11T19:04:08       -20       -17   1   1
     2012-05-14T01:32:04       587      -603   1   1
     2012-05-18T04:40:12        89       186   2   1
     2012-05-19T11:50:24       460       228   2   1
     2012-05-20T09:30:00       522       143   2   1
     2012-05-22T01:30:00       393      -252   2   2
     2012-05-24T16:04:04       922       213   1   1
     2012-05-24T22:01:16      -470      -209   1   1
     2012-06-03T16:40:04      -564       519   2   2
     2012-06-05T19:00:04       183       247   2   1
     2012-06-08T13:40:04      -722       162   2   1
     2012-06-09T09:00:04      -927      -180   2   1
     2012-06-13T06:40:04      -137      -457   1   1
     2012-06-22T10:40:04        14       386   2   1
     2012-06-22T19:10:04       -35      -459   1   1
     2012-06-29T00:30:04       789      -327   1   1
     2012-06-30T16:00:04       817       338   2   1
     2012-07-02T04:03:04       855      -135   1   1
     2012-07-02T10:06:04       276      -752   2   2
     2012-07-11T07:30:04      -352       266   2   1
     2012-07-11T07:30:04      -352       266   2   1
     2012-07-17T01:00:12       719       502   2   1
     2012-07-20T00:00:04       360       484   2   1
     2012-07-20T15:30:04      -301      -639   1   1
     2012-07-25T07:20:04      -762       460   2   1
     2012-08-09T19:40:04       691      -601   1   2
     2012-08-15T10:00:04        96       742   2   1
     2012-08-16T17:25:03       713      -531   1   1
     2012-08-17T20:15:03       609       438   2   1
     2012-08-22T09:15:35       610      -358   1   1
     2012-08-23T04:30:35       781      -318   1   1
     2012-08-23T15:00:03       508      -498   1   1
     2012-08-31T17:00:03      -504      -295   1   1
     2012-09-09T17:26:03       204      -901   1   1
     2012-09-16T21:00:03       871       379   2   1
     2012-09-21T11:50:23       -99       215   2   1
     2012-09-26T08:08:03       -65       330   2   1
     2012-09-27T21:28:03       699        39   2   1
     2012-10-02T07:00:03       553       713   2   1
     2012-10-06T12:00:03       381      -827   1   1
     2012-10-15T13:05:03       646       247   2   1
     2012-10-30T04:00:03      -185      -462   1   1
     2012-11-08T14:10:03      -845       -97   1   1
     2012-11-12T03:03:03       212      -442   1   1
     2012-11-16T05:00:03      -557      -515   1   1
     2012-11-20T07:33:03       933       -10   1   1
     2012-11-21T16:40:03       474       190   2   1
     2012-11-23T09:32:03       265      -582   1   1
     2012-11-25T00:20:03      -538      -225   1   1
     2012-11-27T00:00:03      -746       272   2   1
     2012-11-29T09:59:27      -864       111   2   1
     2012-12-05T22:30:03       606      -747   1   1
     2012-12-09T16:14:03       882       412   2   1
     2012-12-10T10:00:03      -767      -600   1   1
     2012-12-11T14:00:03      -427        93   2   1
     2012-12-11T14:00:03      -427        93   1   1
     2012-12-13T22:00:03       831      -361   1   1
     2012-12-14T02:30:03      -577       595   2   1
     2012-12-17T02:10:03       510       700   2   1
     2012-12-20T00:54:03      -393       277   2   1
     2012-12-26T16:50:23      -941      -214   1   1
     2013-01-08T16:36:03       338       731   2   1
     2013-01-15T05:00:03       688      -684   1   1
     2013-01-19T09:45:03      -844      -146   1   1
     2013-01-23T11:00:03      -513       676   2   1
     2013-01-25T14:04:03      -566       694   2   1
     2013-01-31T03:00:05      -680      -513   1   1
     2013-01-31T11:00:05      -569       437   2   1
     2013-02-03T05:00:03       166      -185   1   1
     2013-02-03T08:10:03       831       299   2   1
     2013-02-05T09:04:03      -653      -458   1   1
     2013-02-06T00:00:03      -302       502   1   2
     2013-02-11T18:50:03       831       503   1   2
     2013-02-12T20:20:03       767      -494   1   1
     2013-02-12T20:20:03       767      -494   1   1
     2013-02-22T04:00:03      -715       443   2   1
     2013-03-02T12:00:03      -899       252   2   1
     2013-03-04T21:27:03      -715      -491   1   1
     2013-03-05T19:54:03      -456       853   2   1
     2013-03-12T10:07:33        -8       699   2   1
     2013-03-16T03:32:03       683      -370   1   2
     2013-03-16T11:58:03       814       515   2   1
     2013-03-17T14:08:03      -574      -123   1   1
     2013-03-19T13:20:23       561       371   2   1
     2013-03-19T23:30:35      -446      -424   1   1
     2013-03-21T02:40:11       803      -207   1   0
     2013-03-24T16:08:03      -374       -62   1   1
     2013-03-26T06:00:03        28       -87   1   1
     2013-03-31T21:05:03      -189       842   2   1
     2013-04-08T12:50:03      -380       322   2   1
     2013-04-10T14:50:03       457        54   2   1
     2013-04-12T00:00:03       777       172   1   2
     2013-04-26T10:25:03       251      -571   1   2
     2013-04-29T01:52:03      -816      -487   2   2
     2013-04-29T19:04:03       718      -120   1   1
     2013-05-04T02:00:35      -121       324   2   1
     2013-05-06T07:30:35      -705      -159   2   2
     2013-05-11T20:00:03       542       779   2   1
     2013-05-14T04:40:03      -942      -115   1   1
     2013-05-15T06:10:03       652      -344   1   1
     2013-05-21T05:50:03       277       543   2   1
     2013-05-21T09:40:03       725       372   2   1
     2013-05-22T08:00:35      -646      -692   1   1
     2013-05-24T03:30:35      -162      -253   1   1
     2013-05-25T12:50:23      -365       406   1   1
     2013-05-29T16:38:03       914       245   2   1
     2013-05-31T11:32:03        92       668   2   1
     2013-06-02T15:00:03       369       156   2   1
     2013-06-11T20:14:03       532       -25   1   1
     2013-06-12T14:26:03       173       625   2   1
     2013-06-13T20:20:03      -348       232   2   1
     2013-06-22T08:00:03      -527       655   2   1
     2013-06-30T00:00:03        71      -630   1   1
     2013-06-30T18:00:03      -855      -399   1   1
     2013-07-02T00:00:35       -48       230   2   1
     2013-07-03T05:33:03       721       327   2   1
     2013-07-13T05:40:03      -906      -261   2   2
     2013-07-18T16:30:03      -929      -164   1   1
     2013-07-26T21:20:23       493       -93   2   1
     2013-08-02T12:18:03       382      -449   1   1
     2013-08-04T06:15:35      -709       331   2   1
     2013-08-04T14:30:35       730      -361   1   1
     2013-08-06T01:16:03      -649       370   2   1
     2013-08-07T11:28:03       284      -515   1   1
     2013-08-10T06:48:03       689      -442   1   2
     2013-08-12T19:40:11      -284      -704   1   1
     2013-08-14T18:30:35       673      -526   1   1
     2013-08-16T18:00:03      -666       463   2   1
     2013-08-17T10:00:03      -858       394   2   1
     2013-08-17T16:00:03       691      -560   1   1
     2013-08-18T13:40:03       851      -417   2   2
     2013-08-20T03:44:03       347      -649   1   1
     2013-08-21T00:16:03       896       304   2   1
     2013-08-29T00:00:03       285      -763   1   1
     2013-08-31T17:20:03      -820      -480   1   1
     2013-09-01T19:45:03      -389      -783   1   1
     2013-09-10T10:44:03      -606      -735   1   1
     2013-09-11T02:30:35      -668       412   2   1
     2013-09-19T02:10:03      -577      -226   2   1
     2013-09-20T03:05:23       124      -522   1   1
     2013-09-20T18:40:11      -809       434   2   1
     2013-09-21T01:00:03      -834       454   2   1
     2013-09-21T07:15:35      -652       348   2   1
     2013-09-23T07:00:03       744      -456   1   1
     2013-09-24T03:04:03      -580      -760   1   1
     2013-09-24T18:36:03      -817       481   2   1
     2013-09-29T20:30:03       506       368   2   1
     2013-10-02T23:10:03      -718      -300   1   1
     2013-10-18T00:00:03      -422       640   2   1
     2013-10-19T11:38:03      -103       865   2   0
     2013-10-25T01:32:03      -694       344   2   1
     2013-10-26T09:16:03       446      -792   2   1
     2013-10-28T10:28:03       404      -786   2   1
     2013-10-28T13:14:03      -712        65   2   2
     2013-10-30T15:00:03       281      -336   2   2
     2013-11-02T19:10:11        35      -531   1   1
     2013-11-04T18:20:23       477      -811   1   1
     2013-11-17T01:00:03       541      -610   1   1
     2013-11-23T23:25:11      -104       535   2   1
     2013-12-04T20:00:03         9       526   2   1
     2013-12-05T20:00:03       461      -207   2   1
     2013-12-09T10:32:03      -788      -572   1   1
     2013-12-11T05:30:03      -460      -816   1   1
     2013-12-13T06:20:03       486       328   2   1
     2013-12-20T06:30:35       722       457   2   1
     2014-01-01T18:00:03      -426      -635   1   1
     2014-01-01T18:20:23       767      -307   1   1
     2014-01-02T03:32:03       386      -672   1   1
     2014-01-03T15:24:03      -386      -631   1   1
     2014-01-05T02:20:03      -975       -17   2   1
     2014-01-13T04:30:03      -300       616   2   1
     2014-01-29T00:00:03       740      -461   2   2
     2014-01-29T00:00:03       732      -476   1   1
     2014-01-30T13:14:03      -750      -261   1   1
     2014-02-09T21:00:35      -196       657   2   1
     2014-02-11T00:28:35       435       218   1   1
     2014-02-11T06:50:26       306       385   2   1
     2014-02-15T20:50:23       965       104   2   2
     2014-02-17T02:30:35        46      -104   1   2
     2014-02-18T00:00:03      -537      -529   1   1
     2014-02-18T21:30:03      -748       504   2   1
     2014-02-19T14:00:03       386      -344   1   1
     2014-02-19T20:00:03        -3       723   2   1
     2014-03-04T20:35:23      -764       207   1   1
     2014-03-06T09:10:03      -625      -262   1   1
     2014-03-10T15:36:03      -637      -247   1   1
     2014-03-10T15:36:03      -637      -247   1   1
     2014-03-16T01:48:03      -611      -610   1   1
     2014-03-17T11:40:11       232      -501   1   1
     2014-03-20T05:30:03       205       407   2   2
     2014-03-21T03:00:03      -106      -541   1   1
     2014-03-27T12:30:35       797      -362   1   2
     2014-03-28T01:20:23       935      -149   1   1
     2014-03-28T17:20:23      -254       414   2   1
     2014-03-29T01:20:03      -625       503   2   1
     2014-03-30T10:24:03      -838       468   2   1
     2014-04-01T11:42:03      -256         5   2   1
     2014-04-02T12:38:03      -879       361   2   2
     2014-04-03T18:00:03       296      -891   1   1
     2014-04-04T13:30:03      -532       452   2   1
     2014-04-05T19:40:03       403       430   2   1
     2014-04-09T23:30:03       597       162   2   2
     2014-04-15T17:20:03      -624      -197   1   1
     2014-04-15T17:20:03      -624      -197   1   2
     2014-04-18T04:04:03       614      -486   1   1
     2014-04-18T04:04:03       614      -486   1   1
     2014-04-18T07:04:03      -224      -403   1   1
     2014-04-21T00:15:35       809      -500   1   2
     2014-04-22T08:00:03      -657       452   2   1
     2014-04-22T22:24:03        93       198   2   1
     2014-04-28T01:04:03       -69       568   2   1
     2014-04-29T04:36:03      -335      -798   1   1
     2014-04-30T07:12:03      -576       645   2   1
     2014-04-30T23:00:03      -410      -186   1   2
     2014-05-01T07:30:03       -27       329   2   1
     2014-05-03T07:30:03      -853       224   1   2
     2014-05-10T22:50:03      -796       519   2   1
     2014-05-16T04:02:03       774      -141   1   1
     2014-05-19T05:40:11       164       492   2   1
     2014-05-20T03:50:23       689       -26   2   1
     2014-05-21T11:30:35      -351      -281   1   1
     2014-05-26T09:35:03      -737       523   2   1
     2014-06-04T10:16:03      -607      -541   1   1
     2014-06-13T00:00:03      -801      -500   2   2
     2014-06-13T17:32:03       -77      -644   1   1
     2014-06-15T00:28:03      -289      -458   1   1
     2014-06-15T00:28:03      -289      -458   1   1
     2014-06-15T00:28:03      -289      -458   1   1
     2014-06-15T00:28:03      -289      -458   1   1
     2014-06-15T23:24:03      -154      -461   1   1
     2014-06-16T08:12:03       744       581   2   1
     2014-06-19T13:20:03      -475      -104   1   1
     2014-06-21T03:00:03        54       637   2   1
     2014-07-02T16:45:35       799       122   2   1
     2014-07-05T21:50:23       119      -186   2   1
     2014-07-08T16:00:03      -814       151   2   2
     2014-07-09T17:06:03      -673      -331   1   1
     2014-07-18T00:00:03      -104       268   2   1
     2014-07-18T06:20:03      -382      -373   2   2
     2014-07-28T02:50:35      -699       188   2   1
     2014-07-29T09:40:35       159       206   2   1
     2014-07-30T02:50:03      -377       179   2   1
     2014-07-30T16:40:03      -816      -476   1   1
     2014-08-03T16:56:03      -507        66   2   1
     2014-08-15T15:20:23       267       175   1   1
     2014-09-02T11:10:03        38       648   2   1
     2014-09-12T23:15:35      -788      -306   1   1
     2014-09-19T08:10:11      -469       246   1   1
     2014-09-19T17:30:35      -921      -250   1   1
     2014-09-20T04:25:11        24       214   2   1
     2014-09-20T23:20:23      -323       319   2   1
     2014-09-21T11:00:03       621       178   2   2
     2014-09-25T19:04:03        -6      -479   2   1
     2014-10-05T14:20:23       112       942   2   1
     2014-10-06T15:40:11      -915      -222   1   1
     2014-10-10T15:40:07       655      -365   1   2
     2014-10-14T17:20:03       810      -476   2   2
     2014-10-18T06:12:03       214       417   2   1
     2014-11-08T14:56:03      -897      -365   1   1
     2014-11-09T06:12:03       358       280   2   1
     2014-11-18T00:44:03      -785       569   2   1
     2014-11-27T15:28:03       971       -34   2   1
     2014-11-27T15:28:03       971       -34   1   1
     2014-11-28T03:44:03      -661      -332   1   1
     2014-12-11T23:20:03      -173       310   2   1
     2014-12-12T02:50:03       440      -162   1   1
     2014-12-18T07:40:03      -835      -502   1   1
     2014-12-20T00:10:03       516      -456   1   1
     2014-12-24T02:21:35       928      -247   1   1
     2014-12-28T00:45:35        -2      -359   1   1
     2014-12-28T10:45:35       131      -343   1   2
     2014-12-29T08:30:35       319      -391   1   2
     2014-12-29T15:20:23      -364       594   1   1
     2014-12-31T21:00:35       173       488   2   1
     2015-01-12T13:52:03      -476       -73   1   1
     2015-01-15T01:00:03      -215       276   2   1
     2015-01-15T12:52:03        44       722   2   1
     2015-01-21T02:45:35      -238       531   2   1
     2015-02-04T18:00:03      -762        66   2   1
     2015-02-12T00:00:03      -215      -595   1   1
     2015-02-21T17:40:11      -301       481   2   1
     2015-02-27T22:40:11       876       413   2   1
     2015-02-28T02:10:11      -929       271   2   0
     2015-02-28T13:30:35       310       361   2   1
     2015-03-15T00:30:35       735      -363   1   1
     2015-03-16T10:10:11       637      -180   1   2
     2015-03-16T14:10:07       437      -653   1   1
     2015-04-02T12:00:03       617      -431   2   1
     2015-04-04T21:25:03        88      -371   1   1
     2015-04-06T18:15:35      -404      -223   1   1
     2015-04-12T21:00:35       820      -169   1   1
     2015-04-12T22:15:35       944       -70   1   2
     2015-04-16T04:36:03       534      -786   1   1
     2015-04-17T00:00:03      -813      -425   1   1
     2015-04-18T00:00:03       746       485   2   1
     2015-04-25T02:00:03      -515       461   2   1
     2015-04-26T18:16:03       783      -290   1   1
     2015-04-26T18:16:03       783      -290   1   2
     2015-04-27T22:00:03      -476       488   2   1
     2015-04-27T22:00:03      -480       474   2   1
     2015-04-27T22:00:03      -484       459   2   1
     2015-04-27T22:00:03      -488       445   2   2
     2015-04-27T22:00:03      -492       430   2   1
     2015-05-02T14:30:35         0      -587   2   1
     2015-05-04T00:00:03      -602      -248   1   2
     2015-05-05T20:25:03        99      -578   1   1
     2015-05-06T23:12:03       -22      -205   1   1
     2015-05-11T03:30:03      -804       301   2   1
     2015-05-13T17:40:03       250       353   2   1
     2015-05-15T18:10:03      -709       547   2   1
     2015-05-16T09:00:03      -103       713   2   1
     2015-06-05T00:50:23       573       280   2   1
     2015-06-14T04:48:03      -619       640   2   1
     2015-06-22T16:00:03       474       377   2   1
     2015-07-02T20:20:06       663      -442   1   1
     2015-07-04T10:00:06      -364       637   2   1
     2015-07-07T16:20:06      -280      -420   1   1
     2015-07-08T07:04:06       354       126   2   1
     2015-07-13T08:24:06      -881      -170   2   2
     2015-07-18T22:15:34       588       253   2   1
     2015-07-19T04:00:06       634      -539   1   1
     2015-08-05T06:00:06       459       322   2   0
     2015-08-07T17:36:06      -835      -341   1   1
     2015-08-07T17:36:06      -835      -341   1   1
     2015-08-08T03:40:06      -768       491   2   1
     2015-08-12T11:10:06       679      -388   1   1
     2015-08-14T07:00:06       703      -106   2   1
     2015-08-14T16:40:10       293      -774   1   1
     2015-08-23T03:40:06      -708       -77   1   2
     2015-08-26T18:50:22       304        55   1   2
     2015-09-20T05:12:06      -238      -230   2   1
     2015-09-23T16:45:34      -868      -389   1   1
     2015-09-25T14:00:06      -376      -425   1   1
     2015-09-27T14:15:34      -678       304   2   1
     2015-09-27T14:15:34      -678       304   2   2
     2015-09-28T05:40:10      -803      -415   1   1
     2015-10-07T04:00:06       930      -236   1   1
     2015-10-14T05:50:06       566      -619   1   1
     2015-10-14T18:40:06       635      -621   1   1
     2015-10-20T16:00:06      -201       228   2   1
     2015-10-26T09:48:06       506      -410   1   2
     2015-10-29T06:56:06      -491      -468   1   1
     2015-10-29T12:24:06       160      -388   1   1
     2015-11-15T21:00:34       260      -263   1   1
     2015-11-15T21:00:34       260      -263   1   1
     2015-11-18T17:56:06       860        83   2   1
     2015-11-26T19:50:06      -842       174   2   1
     2015-12-09T19:48:06      -353      -150   1   1
     2015-12-11T16:40:10      -266       -78   1   2
     2015-12-15T20:00:06      -220      -188   1   1
     2015-12-19T03:30:34      -752      -464   1   1
     2015-12-20T14:48:06       969      -102   1   2
