2010-05-26T06:18:58 253 117  1  1
2010-05-31T15:05:42 238 064  2  1
2010-06-01T16:15:39 158 140  1  1
2010-06-03T00:00:02 238 075  2  1
2010-06-10T19:47:53 078 021  2  1
2010-06-16T13:45:00 266 069  2  1
2010-06-22T08:36:44 308 062  2  1
2010-06-22T20:37:58 231 037  2  1
2010-06-22T20:37:58 231 037  2  1
2010-06-23T13:48:25 310 062  2  1
2010-06-27T01:06:44 127 117  2  2
2010-06-27T01:06:44 127 117  2  2
2010-06-29T14:31:39 202 074  2  1
2010-07-03T03:55:45 055 061  2  1
2010-07-03T07:33:04 220 075  2  1
2010-07-06T00:22:40 071 048  2  1
2010-07-06T08:18:59 150 072  2  1
2010-07-08T05:55:17 158 090  2  1
2010-07-17T18:17:42 283 062  2  1
2010-07-19T01:40:23 303 054  2  1
2010-07-20T07:04:07 230 064  2  1
2010-07-21T00:00:29 206 082  2  1
2010-07-30T06:52:08 061 058  2  1
2010-08-01T00:00:31 097 074  2  1
2010-08-01T00:00:31 136 046  2  1
2010-08-01T10:17:50 123 046  2  1
2010-08-01T15:39:39 154 069  2  1
2010-08-23T11:46:40 218 108  1  1
2010-08-26T12:00:00 156 086  2  1
2010-09-04T12:46:18 096 083  2  2
2010-09-07T00:00:00 020 142  2  1
2010-09-07T12:44:36 303 080  2  1
2010-09-10T23:00:00 254 053  2  1
2010-09-12T00:00:00 199 140  1  1
2010-09-16T07:52:24 288 028  2  1
2010-09-18T00:00:30 193 125  1  1
2010-09-22T00:00:01 144 051  2  1
2010-09-22T00:00:01 144 051  2  1
2010-09-28T00:00:00 025 058  2  1
2010-09-28T12:27:56 110 072  2  1
2010-10-06T00:00:05 273 039  2  1
2010-10-10T00:00:12 217 115  1  1
2010-10-21T20:06:23 110 090  1  1
2010-10-21T20:06:23 110 090  2  1
2010-11-01T07:30:12 046 052  2  1
2010-11-03T00:00:04 300 143  1  1
2010-11-12T23:50:54 173 056  2  1
2010-11-18T13:22:54 075 069  2  1
2010-11-28T12:40:23 283 064  2  1
2010-11-28T23:48:13 335 068  2  1
2010-12-06T00:00:01 199 044  2  1
2010-12-06T13:10:53 208 115  1  1
2010-12-06T21:00:33 234 095  1  1
2010-12-11T05:12:20 173 064  2  1
2010-12-11T05:12:20 173 064  2  1
2010-12-12T00:00:09 156 023  2  1
2010-12-14T12:35:52 204 052  2  1
2010-12-16T04:43:35 112 054  2  1
2010-12-21T00:59:58 000 057  2  1
2010-12-24T20:05:58 050 124  1  1
2010-12-24T20:05:58 050 124  1  1
2010-12-24T20:05:58 050 124  1  1
2011-01-02T00:00:43 300 140  1  1
2011-01-08T00:00:03 157 133  1  0
2011-01-10T00:00:09 063 053  2  1
2011-01-14T00:00:12 072 034  2  1
2011-01-16T16:06:09 009 058  2  1
2011-01-24T22:30:09 014 131  1  1
2011-01-26T07:23:51 278 084  2  1
2011-01-28T11:42:09 219 131  1  1
2011-01-30T08:18:10 276 068  2  1
2011-02-02T00:00:04 178 104  1  2
2011-02-03T08:58:52 162 086  2  1
2011-02-10T15:15:10 355 127  1  1
2011-02-11T03:40:58 093 028  2  1
2011-02-12T17:37:22 025 063  2  1
2011-02-14T00:00:04 357 103  2  2
2011-02-15T19:51:46 334 058  2  1
2011-02-25T03:30:40 196 026  2  1
2011-02-27T07:51:40 144 082  2  1
2011-03-01T16:37:16 222 116  1  1
2011-03-02T00:00:10 270 127  1  1
2011-03-07T19:00:01 193 050  1  2
2011-03-09T20:29:50 092 082  2  1
2011-03-09T21:13:02 079 078  2  1
2011-03-29T18:40:11 170 008  2  1
2011-03-31T21:00:29 172 106  1  1
2011-04-02T09:00:11 158 113  1  1
2011-04-02T19:50:11 203 114  1  1
2011-04-08T21:00:30 020 066  2  1
2011-04-25T14:30:01 097 064  2  1
2011-04-27T00:41:55 079 058  2  1
2011-04-27T15:11:55 161 061  2  1
2011-05-03T07:55:01 170 064  2  1
2011-05-04T15:09:55 016 054  2  1
2011-05-11T01:31:57 068 065  2  1
2011-05-12T11:14:55 259 072  2  1
2011-05-12T11:14:55 259 072  2  1
2011-05-13T05:00:01 007 129  1  1
2011-05-17T02:19:56 281 068  2  1
2011-05-21T06:45:02 146 085  2  1
2011-05-23T00:00:12 162 067  2  1
2011-05-27T00:49:45 095 031  2  0
2011-05-28T14:30:02 144 128  1  1
2011-06-05T01:55:56 340 057  2  1
2011-06-06T01:40:04 034 073  2  1
2011-06-07T05:35:56 025 111  1  1
2011-06-09T11:47:56 322 051  2  1
2011-06-11T08:29:56 258 056  2  1
2011-06-12T10:29:56 002 084  2  1
2011-06-12T10:29:56 002 084  2  1
2011-06-16T09:56:56 299 112  1  1
2011-06-20T21:00:40 163 066  1  1
2011-06-23T05:59:56 082 078  2  1
2011-07-06T01:39:04 047 057  2  1
2011-07-07T09:28:04 246 111  1  1
2011-07-08T22:00:04 250 117  1  1
2011-07-14T04:10:09 166 017  2  1
2011-07-17T01:30:04 263 104  1  1
2011-07-17T04:21:04 120 051  2  1
2011-07-22T13:45:06 144 062  2  1
2011-07-23T20:00:04 139 046  2  1
2011-07-25T02:40:04 126 108  1  1
2011-07-27T00:10:00 013 065  2  1
2011-07-27T15:00:00 051 067  2  1
2011-07-28T00:00:04 013 056  2  1
2011-08-04T03:30:00 336 073  2  1
2011-08-07T00:00:04 265 024  1  2
2011-08-10T15:16:04 143 072  2  1
2011-08-12T01:32:04 115 035  2  1
2011-08-31T03:00:04 291 060  2  2
2011-08-31T03:20:04 335 033  2  1
2011-09-08T03:14:04 232 057  2  1
2011-09-08T15:08:04 123 138  1  1
2011-09-09T14:16:04 187 073  2  2
2011-09-09T21:00:04 182 050  2  1
2011-09-30T02:24:04 309 087  2  0
2011-10-01T08:44:04 322 061  2  1
2011-10-03T00:20:04 302 079  2  1
2011-10-17T08:00:04 023 069  2  1
2011-10-18T10:20:04 019 062  2  1
2011-10-27T08:00:04 249 060  2  1
2011-10-31T13:00:04 173 056  2  1
2011-11-02T07:24:04 167 114  1  1
2011-11-05T03:15:04 163 008  2  1
2011-11-09T12:51:34 010 053  2  1
2011-11-14T00:00:04 304 039  2  1
2011-11-14T18:10:04 054 119  1  1
2011-11-17T11:58:04 020 127  2  1
2011-11-17T15:14:04 271 125  1  1
2011-11-22T14:40:04 336 046  2  1
2011-11-25T21:00:36 272 074  2  1
2011-11-26T05:30:00 251 080  2  1
2011-11-30T18:48:04 259 090  2  1
2011-12-04T00:00:04 073 052  2  1
2011-12-04T19:20:04 026 107  1  1
2011-12-08T18:00:04 090 051  2  1
2011-12-11T05:00:04 355 058  2  1
2011-12-11T08:30:00 046 051  2  1
2011-12-12T23:30:00 063 120  1  1
2011-12-17T00:00:04 304 064  2  1
2011-12-24T07:20:04 129 109  1  2
2011-12-24T22:15:04 223 054  2  1
2011-12-25T05:55:04 236 095  1  1
2011-12-25T08:32:34 219 110  1  1
2011-12-27T02:00:04 144 105  1  1
2011-12-27T05:40:04 132 057  2  1
2011-12-27T20:50:04 115 063  2  1
2011-12-28T11:00:04 235 052  2  1
2011-12-31T20:20:24 054 128  1  1
2012-01-05T11:00:04 073 052  2  1
2012-01-12T19:20:04 312 032  2  1
2012-01-13T00:00:04 257 064  2  1
2012-01-13T14:10:04 254 105  1  1
2012-01-14T00:00:04 350 069  2  1
2012-01-17T22:00:04 237 106  1  1
2012-01-19T07:10:04 287 051  2  1
2012-01-20T19:45:04 304 063  2  2
2012-01-21T07:00:04 298 063  2  1
2012-01-22T13:40:12 241 074  2  1
2012-01-22T21:00:36 252 056  2  1
2012-01-23T00:00:04 215 045  2  1
2012-02-05T18:40:04 001 043  2  1
2012-02-10T15:24:04 288 060  2  1
2012-02-14T13:10:04 240 061  2  1
2012-02-23T00:00:04 111 063  2  1
2012-02-24T00:00:04 097 068  2  1
2012-03-05T09:30:00 281 064  2  1
2012-03-08T09:50:24 341 055  2  1
2012-03-08T09:50:24 341 055  2  1
2012-03-13T23:00:04 205 033  2  1
2012-03-16T17:30:00 263 058  2  1
2012-03-16T17:30:00 263 058  2  1
2012-03-25T00:00:04 003 108  1  2
2012-03-26T21:45:04 000 065  2  1
2012-03-27T00:50:04 070 069  2  1
2012-03-27T03:20:04 074 071  2  1
2012-03-29T14:56:04 034 038  2  1
2012-03-29T23:04:04 058 029  2  1
2012-03-30T22:30:04 308 040  2  1
2012-04-05T20:40:04 019 051  2  1
2012-04-07T13:50:04 309 087  2  1
2012-04-15T07:04:04 255 044  2  1
2012-04-15T22:20:04 133 136  1  1
2012-04-15T22:20:04 133 136  1  1
2012-04-16T06:52:04 244 123  1  1
2012-04-16T21:04:04 203 063  2  1
2012-04-19T10:40:04 049 117  1  1
2012-04-19T10:40:04 049 117  1  1
2012-04-19T18:10:04 196 043  2  1
2012-04-28T09:00:04 048 136  1  1
2012-05-01T08:50:04 028 041  2  1
2012-05-02T04:05:04 324 069  2  1
2012-05-03T11:45:04 202 077  2  2
2012-05-05T13:10:04 175 057  2  2
2012-05-05T19:55:04 339 050  2  1
2012-05-06T03:00:04 203 123  1  1
2012-05-06T05:10:04 278 057  2  1
2012-05-10T00:00:04 217 085  2  1
2012-05-11T19:04:08 179 094  1  1
2012-05-14T01:32:04 205 131  1  1
2012-05-18T04:40:12 101 081  2  1
2012-05-19T11:50:24 108 078  2  1
2012-05-20T09:30:00 100 083  2  1
2012-05-22T01:30:00 070 107  2  2
2012-05-24T16:04:04 099 077  1  1
2012-05-24T22:01:16 336 104  1  1
2012-06-03T16:40:04 192 057  2  2
2012-06-05T19:00:04 221 075  2  1
2012-06-08T13:40:04 122 080  2  1
2012-06-09T09:00:04 072 101  2  1
2012-06-13T06:40:04 101 118  1  1
2012-06-22T10:40:04 350 064  2  1
2012-06-22T19:10:04 342 117  1  1
2012-06-29T00:30:04 324 109  1  1
2012-06-30T16:00:04 309 068  2  1
2012-07-02T04:03:04 286 097  1  1
2012-07-02T10:06:04 244 140  2  2
2012-07-11T07:30:04 076 070  2  1
2012-07-11T07:30:04 076 070  2  1
2012-07-17T01:00:12 090 056  2  1
2012-07-20T00:00:04 012 055  2  1
2012-07-20T15:30:04 312 128  1  1
2012-07-25T07:20:04 204 059  2  1
2012-08-09T19:40:04 135 127  1  2
2012-08-15T10:00:04 006 032  2  1
2012-08-16T17:25:03 039 121  1  1
2012-08-17T20:15:03 012 058  2  1
2012-08-22T09:15:35 305 107  1  1
2012-08-23T04:30:35 311 106  1  1
2012-08-23T15:00:03 283 116  1  1
2012-08-31T17:00:03 107 102  1  1
2012-09-09T17:26:03 051 155  1  1
2012-09-16T21:00:03 013 066  2  1
2012-09-21T11:50:23 219 070  2  1
2012-09-26T08:08:03 157 063  2  1
2012-09-27T21:28:03 188 083  2  1
2012-10-02T07:00:03 149 039  2  1
2012-10-06T12:00:03 071 145  1  1
2012-10-15T13:05:03 313 071  2  1
2012-10-30T04:00:03 063 114  1  1
2012-11-08T14:10:03 250 094  1  1
2012-11-12T03:03:03 278 114  1  1
2012-11-16T05:00:03 169 120  1  1
2012-11-20T07:33:03 230 090  1  1
2012-11-21T16:40:03 168 077  2  1
2012-11-23T09:32:03 135 125  1  1
2012-11-25T00:20:03 060 102  1  1
2012-11-27T00:00:03 015 073  2  1
2012-11-29T09:59:27 333 083  2  1
2012-12-05T22:30:03 026 140  1  1
2012-12-09T16:14:03 351 065  2  1
2012-12-10T10:00:03 161 128  1  1
2012-12-11T14:00:03 210 085  2  1
2012-12-11T14:00:03 210 085  1  1
2012-12-13T22:00:03 272 112  1  1
2012-12-14T02:30:03 155 053  2  1
2012-12-17T02:10:03 211 045  2  1
2012-12-20T00:54:03 100 075  2  1
2012-12-26T16:50:23 315 103  1  1
2013-01-08T16:36:03 255 045  2  1
2013-01-15T05:00:03 226 135  1  1
2013-01-19T09:45:03 023 101  1  1
2013-01-23T11:00:03 348 050  2  1
2013-01-25T14:04:03 312 048  2  1
2013-01-31T03:00:05 232 125  1  1
2013-01-31T11:00:05 247 068  2  1
2013-02-03T05:00:03 260 107  1  1
2013-02-03T08:10:03 310 075  2  1
2013-02-05T09:04:03 169 122  1  1
2013-02-06T00:00:03 193 065  1  2
2013-02-11T18:50:03 223 059  1  2
2013-02-12T20:20:03 193 123  1  1
2013-02-12T20:20:03 193 123  1  1
2013-02-22T04:00:03 307 067  2  1
2013-03-02T12:00:03 178 077  2  1
2013-03-04T21:27:03 156 124  1  1
2013-03-05T19:54:03 130 029  2  1
2013-03-12T10:07:33 119 051  2  1
2013-03-16T03:32:03 123 117  1  2
2013-03-16T11:58:03 151 058  2  1
2013-03-17T14:08:03 014 103  1  1
2013-03-19T13:20:23 063 073  2  1
2013-03-19T23:30:35 347 122  1  1
2013-03-21T02:40:11 065 106  1  0
2013-03-24T16:08:03 295 100  1  1
2013-03-26T06:00:03 299 102  1  1
2013-03-31T21:05:03 203 035  2  1
2013-04-08T12:50:03 098 076  2  1
2013-04-10T14:50:03 123 092  2  1
2013-04-12T00:00:03 131 083  1  2
2013-04-26T10:25:03 266 131  1  2
2013-04-29T01:52:03 123 121  2  2
2013-04-29T19:04:03 251 100  1  1
2013-05-04T02:00:35 137 074  2  1
2013-05-06T07:30:35 066 102  2  2
2013-05-11T20:00:03 127 035  2  1
2013-05-14T04:40:03 281 097  1  1
2013-05-15T06:10:03 045 113  1  1
2013-05-21T05:50:03 298 057  2  1
2013-05-21T09:40:03 331 068  2  1
2013-05-22T08:00:35 174 137  1  1
2013-05-24T03:30:35 229 107  1  1
2013-05-25T12:50:23 196 066  1  1
2013-05-29T16:38:03 255 075  2  1
2013-05-31T11:32:03 150 046  2  1
2013-06-02T15:00:03 137 081  2  1
2013-06-11T20:14:03 026 091  1  1
2013-06-12T14:26:03 356 048  2  1
2013-06-13T20:20:03 303 075  2  1
2013-06-22T08:00:03 161 045  2  1
2013-06-30T00:00:03 117 129  1  1
2013-06-30T18:00:03 013 115  1  1
2013-07-02T00:00:35 082 073  2  1
2013-07-03T05:33:03 124 068  2  1
2013-07-13T05:40:03 208 106  2  2
2013-07-18T16:30:03 135 100  1  1
2013-07-26T21:20:23 147 091  2  1
2013-08-02T12:18:03 054 113  1  1
2013-08-04T06:15:35 310 066  2  1
2013-08-04T14:30:35 055 109  1  1
2013-08-06T01:16:03 291 063  2  1
2013-08-07T11:28:03 342 117  1  1
2013-08-10T06:48:03 338 114  1  2
2013-08-12T19:40:11 228 132  1  1
2013-08-14T18:30:35 281 120  1  1
2013-08-16T18:00:03 143 057  2  1
2013-08-17T10:00:03 103 065  2  1
2013-08-17T16:00:03 248 123  1  1
2013-08-18T13:40:03 263 116  2  2
2013-08-20T03:44:03 182 127  1  1
2013-08-21T00:16:03 232 071  2  1
2013-08-29T00:00:03 064 137  1  1
2013-08-31T17:20:03 277 120  1  1
2013-09-01T19:45:03 308 140  1  1
2013-09-10T10:44:03 152 140  1  1
2013-09-11T02:30:35 171 060  2  1
2013-09-19T02:10:03 082 098  2  1
2013-09-20T03:05:23 114 116  1  1
2013-09-20T18:40:11 022 061  2  1
2013-09-21T01:00:03 007 061  2  1
2013-09-21T07:15:35 041 064  2  1
2013-09-23T07:00:03 123 115  1  1
2013-09-24T03:04:03 333 142  1  1
2013-09-24T18:36:03 319 059  2  1
2013-09-29T20:30:03 014 062  2  1
2013-10-02T23:10:03 246 104  1  1
2013-10-18T00:00:03 059 044  2  1
2013-10-19T11:38:03 061 021  2  0
2013-10-25T01:32:03 313 066  2  1
2013-10-26T09:16:03 036 142  2  1
2013-10-28T10:28:03 002 141  2  1
2013-10-28T13:14:03 271 083  2  2
2013-10-30T15:00:03 309 106  2  2
2013-11-02T19:10:11 252 119  1  1
2013-11-04T18:20:23 283 145  1  1
2013-11-17T01:00:03 106 127  1  1
2013-11-23T23:25:11 323 055  2  1
2013-12-04T20:00:03 188 057  2  1
2013-12-05T20:00:03 203 102  2  1
2013-12-09T10:32:03 036 126  1  1
2013-12-11T05:30:03 043 147  1  1
2013-12-13T06:20:03 108 071  2  1
2013-12-20T06:30:35 040 063  2  1
2014-01-01T18:00:03 143 133  1  1
2014-01-01T18:20:23 236 110  1  1
2014-01-02T03:32:03 209 136  1  1
2014-01-03T15:24:03 122 133  1  1
2014-01-05T02:20:03 045 091  2  1
2014-01-13T04:30:03 007 055  2  1
2014-01-29T00:00:03 243 121  2  2
2014-01-29T00:00:03 243 122  1  1
2014-01-30T13:14:03 106 109  1  1
2014-02-09T21:00:35 010 054  2  1
2014-02-11T00:28:35 036 083  1  1
2014-02-11T06:50:26 025 073  2  1
2014-02-15T20:50:23 034 084  2  2
2014-02-17T02:30:35 292 103  1  2
2014-02-18T00:00:03 233 128  1  1
2014-02-18T21:30:03 205 062  2  1
2014-02-19T14:00:03 283 117  1  1
2014-02-19T20:00:03 253 049  2  1
2014-03-04T20:35:23 029 082  1  1
2014-03-06T09:10:03 018 111  1  1
2014-03-10T15:36:03 321 110  1  1
2014-03-10T15:36:03 321 110  1  1
2014-03-16T01:48:03 234 133  1  1
2014-03-17T11:40:11 293 128  1  1
2014-03-20T05:30:03 252 072  2  2
2014-03-21T03:00:03 219 131  1  1
2014-03-27T12:30:35 209 115  1  2
2014-03-28T01:20:23 217 100  1  1
2014-03-28T17:20:23 111 071  2  1
2014-03-29T01:20:03 076 063  2  1
2014-03-30T10:24:03 018 061  2  1
2014-04-01T11:42:03 062 096  2  1
2014-04-02T12:38:03 345 069  2  2
2014-04-03T18:00:03 119 161  1  1
2014-04-04T13:30:03 000 067  2  1
2014-04-05T19:40:03 047 069  2  1
2014-04-09T23:30:03 004 085  2  2
2014-04-15T17:20:03 207 106  1  1
2014-04-15T17:20:03 207 106  1  2
2014-04-18T04:04:03 268 124  1  1
2014-04-18T04:04:03 268 124  1  1
2014-04-18T07:04:03 200 120  1  1
2014-04-21T00:15:35 267 122  1  2
2014-04-22T08:00:03 113 065  2  1
2014-04-22T22:24:03 160 083  2  1
2014-04-28T01:04:03 082 058  2  1
2014-04-29T04:36:03 027 150  1  1
2014-04-30T07:12:03 005 050  2  1
2014-04-30T23:00:03 022 105  1  2
2014-05-01T07:30:03 042 074  2  1
2014-05-03T07:30:03 311 078  1  2
2014-05-10T22:50:03 189 057  2  1
2014-05-16T04:02:03 263 100  1  1
2014-05-19T05:40:11 178 061  2  1
2014-05-20T03:50:23 201 093  2  1
2014-05-21T11:30:35 114 109  1  1
2014-05-26T09:35:03 004 057  2  1
2014-06-04T10:16:03 261 125  1  1
2014-06-13T00:00:03 109 122  2  2
2014-06-13T17:32:03 183 132  1  1
2014-06-15T00:28:03 152 118  1  1
2014-06-15T00:28:03 152 118  1  1
2014-06-15T00:28:03 152 118  1  1
2014-06-15T00:28:03 152 118  1  1
2014-06-15T23:24:03 149 118  1  1
2014-06-16T08:12:03 245 052  2  1
2014-06-19T13:20:03 082 095  1  1
2014-06-21T03:00:03 096 046  2  1
2014-07-02T16:45:35 357 081  2  1
2014-07-05T21:50:23 263 098  2  1
2014-07-08T16:00:03 158 079  2  2
2014-07-09T17:06:03 157 108  1  1
2014-07-18T00:00:03 089 069  2  1
2014-07-18T06:20:03 067 109  2  2
2014-07-28T02:50:35 272 075  2  1
2014-07-29T09:40:35 315 072  2  1
2014-07-30T02:50:03 271 074  2  1
2014-07-30T16:40:03 202 120  1  1
2014-08-03T16:56:03 202 081  2  1
2014-08-15T15:20:23 094 073  1  1
2014-09-02T11:10:03 205 040  2  1
2014-09-12T23:15:35 004 105  1  1
2014-09-19T08:10:11 307 069  1  1
2014-09-19T17:30:35 246 105  1  1
2014-09-20T04:25:11 329 070  2  1
2014-09-20T23:20:23 295 064  2  1
2014-09-21T11:00:03 353 074  2  2
2014-09-25T19:04:03 253 113  2  1
2014-10-05T14:20:23 197 007  2  1
2014-10-06T15:40:11 033 102  1  1
2014-10-10T15:40:07 103 108  1  2
2014-10-14T17:20:03 076 118  2  2
2014-10-18T06:12:03 332 059  2  1
2014-11-08T14:56:03 308 112  1  1
2014-11-09T06:12:03 050 070  2  1
2014-11-18T00:44:03 183 054  2  1
2014-11-27T15:28:03 235 092  2  1
2014-11-27T15:28:03 235 092  1  1
2014-11-28T03:44:03 092 109  1  1
2014-12-11T23:20:03 305 072  2  1
2014-12-12T02:50:03 341 100  1  1
2014-12-18T07:40:03 142 121  1  1
2014-12-20T00:10:03 247 119  1  1
2014-12-24T02:21:35 236 105  1  1
2014-12-28T00:45:35 104 114  1  1
2014-12-28T10:45:35 107 113  1  2
2014-12-29T08:30:35 108 116  1  2
2014-12-29T15:20:23 056 055  1  1
2014-12-31T21:00:35 065 063  2  1
2015-01-12T13:52:03 230 098  1  1
2015-01-15T01:00:03 214 078  2  1
2015-01-15T12:52:03 224 047  2  1
2015-01-21T02:45:35 131 062  2  1
2015-02-04T18:00:03 263 090  2  1
2015-02-12T00:00:03 201 134  1  1
2015-02-21T17:40:11 071 067  2  1
2015-02-27T22:40:11 095 065  2  1
2015-02-28T02:10:11 280 074  2  0
2015-02-28T13:30:35 020 075  2  1
2015-03-15T00:30:35 228 116  1  1
2015-03-16T10:10:11 195 106  1  2
2015-03-16T14:10:07 192 138  1  1
2015-04-02T12:00:03 335 121  2  1
2015-04-04T21:25:03 261 119  1  1
2015-04-06T18:15:35 204 109  1  1
2015-04-12T21:00:35 211 103  1  1
2015-04-12T22:15:35 231 095  1  2
2015-04-16T04:36:03 193 146  1  1
2015-04-17T00:00:03 021 118  1  1
2015-04-18T00:00:03 144 062  2  1
2015-04-25T02:00:03 312 065  2  1
2015-04-26T18:16:03 027 110  1  1
2015-04-26T18:16:03 027 110  1  2
2015-04-27T22:00:03 277 063  2  1
2015-04-27T22:00:03 277 064  2  1
2015-04-27T22:00:03 277 065  2  1
2015-04-27T22:00:03 277 066  2  2
2015-04-27T22:00:03 277 067  2  1
2015-05-02T14:30:35 249 132  2  1
2015-05-04T00:00:03 189 108  1  2
2015-05-05T20:25:03 214 131  1  1
2015-05-06T23:12:03 190 106  1  1
2015-05-11T03:30:03 074 073  2  1
2015-05-13T17:40:03 118 071  2  1
2015-05-15T18:10:03 011 056  2  1
2015-05-16T09:00:03 058 044  2  1
2015-06-05T00:50:23 206 073  2  1
2015-06-14T04:48:03 342 047  2  1
2015-06-22T16:00:03 327 065  2  1
2015-07-02T20:20:06 210 116  1  1
2015-07-04T10:00:06 105 045  2  1
2015-07-07T16:20:06 076 113  1  1
2015-07-08T07:04:06 109 079  2  1
2015-07-13T08:24:06 309 099  2  2
2015-07-18T22:15:34 347 071  2  1
2015-07-19T04:00:06 355 122  1  1
2015-08-05T06:00:06 109 065  2  0
2015-08-07T17:36:06 335 109  1  1
2015-08-07T17:36:06 335 109  1  1
2015-08-08T03:40:06 323 057  2  1
2015-08-12T11:10:06 031 110  1  1
2015-08-14T07:00:06 005 092  2  1
2015-08-14T16:40:10 340 139  1  1
2015-08-23T03:40:06 152 090  1  2
2015-08-26T18:50:22 171 080  1  2
2015-09-20T05:12:06 175 097  2  1
2015-09-23T16:45:34 063 113  1  1
2015-09-25T14:00:06 094 110  1  1
2015-09-27T14:15:34 042 067  2  1
2015-09-27T14:15:34 042 067  2  2
2015-09-28T05:40:10 018 113  1  1
2015-10-07T04:00:06 053 104  1  1
2015-10-14T05:50:06 279 126  1  1
2015-10-14T18:40:06 281 127  1  1
2015-10-20T16:00:06 135 071  2  1
2015-10-26T09:48:06 106 111  1  2
2015-10-29T06:56:06 000 115  1  1
2015-10-29T12:24:06 041 109  1  1
2015-11-15T21:00:34 178 103  1  1
2015-11-15T21:00:34 178 103  1  1
2015-11-18T17:56:06 187 084  2  1
2015-11-26T19:50:06 316 079  2  1
2015-12-09T19:48:06 185 099  1  1
2015-12-11T16:40:10 166 095  1  2
2015-12-15T20:00:06 114 102  1  1
2015-12-19T03:30:34 022 119  1  1
2015-12-20T14:48:06 154 096  1  2
